576460752303404051 464097493913787811
576460752303404071 381024947013304639
576460752303404149 268886939405040860
576460752303404153 542518510133990808
576460752303404201 321832442288009989
576460752303404233 317762017606548621
576460752303404239 432895773127122670
576460752303404249 347648392279077143
576460752303404263 318888212512120314
576460752303404327 83010383064440071
576460752303404401 59413508097640909
576460752303404453 333144209960710305
576460752303404461 147426735514109968
576460752303404471 25286254236701454
576460752303404509 430265643073214884
576460752303404621 235338725221372520
576460752303404743 446110571278676186
576460752303404767 547715388865485977
576460752303404807 337207397092760801
576460752303404873 79925328467556130
576460752303404953 399423692346560208
576460752303404999 251917581811363593
576460752303405037 45708250431303177
576460752303405143 434802209597847355
576460752303405163 381774336029074257
576460752303405173 263000543297050997
576460752303405199 539038175523347886
576460752303405251 44856114672960402
576460752303405259 487229948055286498
576460752303405383 101442584339987935
576460752303405433 554141464713327343
576460752303405479 172757478989527552
576460752303405527 264313798127180699
576460752303405611 171411785509137169
576460752303405679 319389537078550440
576460752303405737 259718828276638253
576460752303405859 427841125445229370
576460752303405869 205572338445797967
576460752303405913 528430680982507806
576460752303405929 37788253145621235
576460752303405989 46526905586775334
576460752303406049 135642933141855203
576460752303406121 257932580294861801
576460752303406127 263682581218300953
576460752303406141 483761359466353003
576460752303406213 193380543475513209
576460752303406279 240802491358718263
576460752303406357 485920364771805106
576460752303406511 418952875103533956
576460752303406519 121807651296867569
576460752303406543 155789284622804679
576460752303406637 113941511266945962
576460752303406703 423775253803611224
576460752303406723 453354496407190334
576460752303406757 77256447081777856
576460752303406819 570243953182945331
576460752303406849 285777493451618435
576460752303406879 381349454202388526
576460752303406897 241395062229700184
576460752303406909 24929568354249952
576460752303407009 531193665398713010
576460752303407039 446193012261325495
576460752303407057 53391207846716536
576460752303407093 555401413927700096
576460752303407137 303974349073739059
576460752303407291 456251134686102443
576460752303407317 486254889058120273
576460752303407359 536657326415372079
576460752303407429 291277037232690561
576460752303407437 91545887229234853
576460752303407467 350491659759600497
576460752303407539 207086633975409709
576460752303407561 497546996950250653
576460752303407567 528304315472885477
576460752303407603 119499461635260449
576460752303407627 232254604821974458
576460752303407659 203884348729800986
576460752303407677 574094296155271825
576460752303407689 89589627314683236
576460752303407711 443883120270358048
576460752303407749 194153215266945118
576460752303407813 444412554537515929
576460752303407927 231369076319946026
576460752303407953 26845241444370490
576460752303408001 290594145673408842
576460752303408013 559662619606092501
576460752303408101 402176744507575038
576460752303408109 442619147536712547
576460752303408173 293695460502299504
576460752303408209 370106636757583647
576460752303408229 551215187397589555
576460752303408257 343857194897958107
576460752303408263 220253633037683167
576460752303408277 291891016407904303
576460752303408289 290506509794539546
576460752303408347 256673129005909247
576460752303408373 272549954243411679
576460752303408391 366602065623509817
576460752303408403 77137692405133319
576460752303408457 296803570050408792
576460752303408523 226014876327013485
576460752303408529 540950927799810187
576460752303408589 57147165098438621
576460752303408593 277628745279963985
576460752303408607 323843920579944041
576460752303408613 249696129007148215
576460752303408619 544108855210544456
576460752303408641 53284062407449390
576460752303408659 434175028781854485
576460752303408697 96963687337975150
576460752303408727 330444769740579992
576460752303408767 276828727788585944
576460752303408839 7436410635869113
576460752303408887 536592176118730336
576460752303408901 479609260746645748
576460752303408967 163966172405172137
576460752303408983 105342656576208263
576460752303409021 484167149394139703
576460752303409063 374966192085428810
576460752303409079 121222426957300020
576460752303409093 409521291983033797
576460752303409109 54790754808759330
576460752303409123 268954321825939940
576460752303409249 563148613117403756
576460752303409279 214341757312937765
576460752303409283 459020396477087439
576460752303409289 572409332369202790
576460752303409313 368481101732690543
576460752303409403 411248917698935222
576460752303409411 575775323695136285
576460752303409451 366695933078987488
576460752303409469 322913145000939736
576460752303409481 545706171395932448
576460752303409619 389695296175496217
576460752303409669 404180950092538678
576460752303409723 225247646295375266
576460752303409747 275003702995766848
576460752303409777 309481600764942004
576460752303409789 321292861198822022
576460752303409811 415860327559421424
576460752303409837 168247769093014147
576460752303409843 509138568432314522
576460752303409877 255309327625895293
576460752303409933 541279559405797061
576460752303409979 384898842543329500
576460752303409997 207545946307707405
576460752303410059 522852654396758934
576460752303410087 244144750054709433
576460752303410167 332756515327715655
576460752303410189 27047282860311275
576460752303410197 249137315312602765
576460752303410291 173825491152768172
576460752303410333 518143861163886486
576460752303410341 435645856314395186
576460752303410363 494365080088284030
576460752303410417 61991277525226504
576460752303410423 319401463378430491
576460752303410453 12698643868392680
576460752303410473 189718694686008191
576460752303410519 44338441616600534
576460752303410627 575252396220862571
576460752303410651 210194228511008223
576460752303410659 36277126086912272
576460752303410701 150391662179434574
576460752303410743 478830611692845978
576460752303410809 469679977170439446
576460752303410813 468091837413126891
576460752303410899 365602204597172708
576460752303410927 159559124564409867
576460752303410941 250000434696081068
576460752303411047 69064825306883548
576460752303411067 293343028671073801
576460752303411089 373394587152552468
576460752303411169 35289886870956627
576460752303411187 203317480784201505
576460752303411233 261569798936825333
576460752303411293 141838584840808504
576460752303411323 179700823800081428
576460752303411361 18220539468460855
576460752303411383 28761783574089353
576460752303411403 225527055543326270
576460752303411473 335523776534951895
576460752303411487 12895613157804443
576460752303411497 571639309728751005
576460752303411511 507429901507570623
576460752303411587 550107981503190366
576460752303411607 545790809789570538
576460752303411611 73163835131371198
576460752303411641 182935682324339388
576460752303411671 134292367812514729
576460752303411683 337074955315698694
576460752303411697 340248308323815712
576460752303411727 56158968093042634
576460752303411751 317630586230346695
576460752303411821 283482430076090071
576460752303411839 318378714610785459
576460752303411853 405061144371406057
576460752303411887 21628088023711014
576460752303411907 449012966355145393
576460752303411919 116905120007592993
576460752303411977 104744884696530027
576460752303412007 500024858389627980
576460752303412043 46803456748411686
576460752303412091 302806318262727181
576460752303412117 433462661661079766
576460752303412139 151032046636472494
576460752303412231 529309225055936321
576460752303412247 540600346058751446
576460752303412267 269475992570342970
576460752303412279 397179773007194332
576460752303412321 539773782149279986
576460752303412351 269146606580324172
576460752303412393 263142023636579861
576460752303412573 36340798190330652
576460752303412589 110573237698224532
576460752303412597 527008431274669688
576460752303412649 276478673190617125
576460752303412693 327676399227860220
576460752303412723 532870352097008498
576460752303412727 368577068687599711
576460752303412741 114647584838227961
576460752303412751 87223575575466117
576460752303412763 512990046926469874
576460752303412793 352230316207189793
576460752303412817 422431895093792152
576460752303412831 301497851015405718
576460752303412897 118854705939602938
576460752303412909 279385391366011988
576460752303412967 221905758231807122
576460752303412973 4663698542799528
576460752303412981 549370043418863954
576460752303413077 3646755188469259
576460752303413113 558389095771152071
576460752303413137 97692456874972343
576460752303413141 79562313627055650
576460752303413183 354995324759933420
576460752303413221 231119090982848663
576460752303413231 198003285959304438
576460752303413287 11597094871571814
576460752303413323 94070617892942462
576460752303413347 427842912995085731
576460752303413407 368964199565160524
576460752303413429 438131082996416971
576460752303413437 177935100993729075
576460752303413441 229726325514607128
576460752303413489 248675261342143808
576460752303413563 326948759632885744
576460752303413587 212474341439887267
576460752303413629 496836979887403481
576460752303413749 409756639630033181
576460752303413753 91112722679044440
576460752303413843 290064505513938402
576460752303413849 316472135320518559
576460752303413911 428706165686578860
576460752303413981 302334202376027742
576460752303414049 393038843527496533
576460752303414067 324991810014353599
576460752303414071 64989493713257469
576460752303414137 523828755430193188
576460752303414193 110692907348029356
576460752303414353 474372837518494436
576460752303414421 38364548423831059
576460752303414443 170593072578509383
576460752303414449 214882036685427072
576460752303414481 66387763987627429
576460752303414557 360851547272217448
576460752303414581 175135566803207080
576460752303414647 466444429530257465
576460752303414653 273422242528904360
576460752303414731 324237169453255282
576460752303414749 438715875611199507
576460752303414757 394829548253801688
576460752303414763 326293849420437481
576460752303414799 413607952490317390
576460752303414829 415559883077347561
576460752303414851 432680449458200852
576460752303414859 56584320456324393
576460752303414863 507097108241865262
576460752303414877 205164890902641927
576460752303414943 1744928670907404
576460752303414949 206194334682785380
576460752303414959 183123477905071539
576460752303414977 354675806750449557
576460752303415081 49927777274347462
576460752303415211 529716637285222620
576460752303415223 552481514069101563
576460752303415289 439867289838749525
576460752303415297 226302323988116041
576460752303415321 538458817976222098
576460752303415351 75308010370391359
576460752303415379 134144629395979792
576460752303415477 214405404177733911
576460752303415487 325369806307484297
576460752303415517 422274066375043867
576460752303415559 209645606553255660
576460752303415589 225620557881152933
576460752303415663 570407046235418890
576460752303415669 156746731133149225
576460752303415673 566752839418872072
576460752303415699 228168852251577587
576460752303415751 25269540325940659
576460752303415871 480414036942314222
576460752303415963 536693991422557284
576460752303415979 66272872585154373
576460752303416093 100567851130592293
576460752303416243 382653693498051993
576460752303416329 56884855022405015
576460752303416353 314512364875537093
576460752303416363 10855745474634645
576460752303416399 42677005256081423
576460752303416443 287930573088558530
576460752303416447 313062800467865618
576460752303416531 135532945590578894
576460752303416681 127632186604156656
576460752303416699 318601201136378634
576460752303416741 431627445293353366
576460752303416789 545703395209036184
576460752303416801 537421415932899422
576460752303416927 290391961048171370
576460752303417011 367363469987306388
576460752303417019 7745174753766353
576460752303417083 347335299793225121
576460752303417109 114782619237907211
576460752303417133 410504281746757742
576460752303417181 455879305499645029
576460752303417209 446480871255288426
576460752303417287 153993425963858599
576460752303417323 182070024449862086
576460752303417337 374549079585562087
576460752303417431 393206652483722703
576460752303417437 486188842263545705
576460752303417467 383850610653420288
576460752303417617 497870848861389546
576460752303417691 463218751930476837
576460752303417731 524630333667357358
576460752303417757 400406770671430550
576460752303417797 319789130353886975
576460752303417803 298499351316020762
576460752303417833 197310205758014728
576460752303417931 254705185407731984
576460752303417959 17654444348100194
576460752303418001 550228591657139717
576460752303418051 513124870438209374
576460752303418121 442037312391992698
576460752303418141 275352713138100946
576460752303418153 261221823842225316
576460752303418253 517847529684003860
576460752303418337 310663054310468504
576460752303418369 276162614221509541
576460752303418393 432478673090953686
576460752303418439 213469652191442779
576460752303418501 314359220618422126
576460752303418559 23124065530016227
576460752303418651 185860178206870511
576460752303418663 457089943503762569
576460752303418691 189088191202260862
576460752303418751 500308971027054276
576460752303418817 295894740388456646
576460752303418901 303541704081659204
576460752303418919 391516141977196262
576460752303418963 540909894945461001
576460752303418979 137963296523836510
576460752303419083 365535814554277578
576460752303419089 203596771542212700
576460752303419129 312635544289815594
576460752303419153 57978984577354830
576460752303419227 392366094438693040
576460752303419233 25807286906822964
576460752303419251 551318530861578641
576460752303419267 231111231360828335
576460752303419311 433492087021543203
576460752303419327 32704409838773365
576460752303419381 51542875658353791
576460752303419393 316440905663596971
576460752303419407 835634693506233
576460752303419443 566015020584164500
576460752303419453 364576787412509951
576460752303419461 564032016750250422
576460752303419471 171297814951783847
576460752303419537 114828362476681283
576460752303419549 551945253498616549
576460752303419563 188624603006630974
576460752303419611 485663011501051406
576460752303419629 439992859889348935
576460752303419647 572751896917082962
576460752303419693 520586583035480745
576460752303419699 463168057949396617
576460752303419719 79524865579573629
576460752303419743 429215083843587962
576460752303419773 432337062052489360
576460752303419801 166276447147542471
576460752303419813 427777688241757119
576460752303419869 324335517334785280
576460752303419891 1608603204565986
576460752303419909 201287730019931491
576460752303419989 541362381166291912
576460752303420013 329820448166944701
576460752303420037 439651379499223762
576460752303420071 136859360098285043
576460752303420247 548234621146055035
576460752303420253 215032671848008034
576460752303420277 379808262506077301
576460752303420307 305013338846895151
576460752303420311 354701180065423632
576460752303420331 68958770011893546
576460752303420409 199569195603214171
576460752303420443 351100196692302615
576460752303420541 255663950881971837
576460752303420557 242001683896560979
576460752303420563 157750813990430509
576460752303420601 561702710544061860
576460752303420631 52589023448655418
576460752303420697 284060239466394369
576460752303420703 63617993697764306
576460752303420727 367249096439093533
576460752303420731 320991901731307356
576460752303420833 152389752633667814
576460752303420917 301159379884668650
576460752303420937 81762431565337874
576460752303420953 433746528441315269
576460752303420979 142752121825421483
576460752303421123 410239475263696120
576460752303421127 182458354673856136
576460752303421169 112319347091351583
576460752303421207 512272159581990126
576460752303421213 230301744022251537
576460752303421217 438339937641469366
576460752303421259 573100887297582843
576460752303421367 295775926106832198
576460752303421387 282893909497996165
576460752303421393 450782404586397457
576460752303421429 215351530916672217
576460752303421441 26926154667517866
576460752303421511 513005249972493960
576460752303421529 344759996325497668
576460752303421543 421631296197773015
576460752303421577 335628019205041888
576460752303421597 514888149989234012
576460752303421637 153684940089548255
576460752303421649 559369941086683599
576460752303421679 478466342615925072
576460752303421709 23973793417038084
576460752303421723 154093534719268113
576460752303421759 153072327115006828
576460752303421819 326588516444234635
576460752303421861 483978683213042435
576460752303421877 515289941057508498
576460752303421897 66062933046194981
576460752303421903 218299981751748251
576460752303421919 83553829077613662
576460752303421949 129785846572066095
576460752303421963 277541037909429946
576460752303422101 430618884965547007
576460752303422153 353739064026772770
576460752303422159 92492570019718375
576460752303422219 486343623141696108
576460752303422227 70980172088583743
576460752303422243 256389345347075781
576460752303422249 476321600580812847
576460752303422269 149503984898679747
576460752303422281 502785215880911014
576460752303422309 330014282972858688
576460752303422369 32382995820418724
576460752303422431 481216662446475550
576460752303422479 55795560714828412
576460752303422501 397456660199110919
576460752303422533 128797275833438045
576460752303422543 523639419807473601
576460752303422557 342960352220207925
576460752303422599 337499207524925318
576460752303422617 258601016385997341
576460752303422627 56411897245890857
576460752303422801 136112451897818438
576460752303422839 372513673726628095
576460752303422881 86879645301894173
576460752303422971 524894730464158253
576460752303423061 523304719106164833
576460752303423263 12964950927601192
576460752303423389 261710804607317973
576460752303423433 380198378108741708
